2.106446003915547205e-01 7.893553996084451407e-01
2.113508268553825342e-01 7.886491731446174658e-01
2.097283752601291906e-01 7.902716247398707816e-01
2.095976465180702797e-01 7.904023534819299979e-01
2.104026063703091642e-01 7.895973936296908358e-01
2.085057038373655802e-01 7.914942961626344475e-01
2.091812236095691169e-01 7.908187763904309664e-01
2.085229916742011580e-01 7.914770083257991473e-01
2.119308565787089704e-01 7.880691434212908630e-01
2.102274919534882769e-01 7.897725080465117786e-01
2.094188679004590770e-01 7.905811320995411728e-01
2.110741713437861711e-01 7.889258286562136346e-01
2.105002798767391659e-01 7.894997201232606399e-01
2.100724804596177941e-01 7.899275195403823169e-01
2.082521432702954811e-01 7.917478567297046022e-01
2.095534948066846703e-01 7.904465051933150521e-01
2.081796686156333898e-01 7.918203313843669156e-01
2.106676085800717746e-01 7.893323914199281699e-01
2.107081134233581843e-01 7.892918865766418435e-01
2.102283028643063822e-01 7.897716971356935067e-01
2.121462811830540918e-01 7.878537188169458805e-01
2.100172593406890997e-01 7.899827406593110668e-01
2.104018705609210782e-01 7.895981294390789218e-01
2.086837863601075926e-01 7.913162136398923518e-01
2.104408834645500881e-01 7.895591165354499674e-01
2.083402554063116807e-01 7.916597445936884858e-01
2.087354918536548642e-01 7.912645081463454133e-01
2.111473413521753884e-01 7.888526586478245006e-01
2.096675366364355309e-01 7.903324633635642193e-01
2.090777041396845171e-01 7.909222958603155940e-01
2.103233493701122114e-01 7.896766506298876775e-01
2.094185494130562375e-01 7.905814505869436237e-01
2.115203181109768238e-01 7.884796818890230652e-01
2.095751272503231233e-01 7.904248727496767657e-01
2.104751307250399550e-01 7.895248692749596842e-01
2.097507910024161426e-01 7.902492089975838852e-01
2.088991494907636304e-01 7.911008505092365084e-01
2.110537305828072696e-01 7.889462694171927026e-01
2.111148668397771766e-01 7.888851331602231287e-01
2.098986778324398728e-01 7.901013221675596832e-01
2.100647622501768952e-01 7.899352377498229938e-01
2.095747337484370754e-01 7.904252662515628414e-01
2.096638984862168598e-01 7.903361015137835288e-01
2.108234244430516324e-01 7.891765755569484231e-01
2.079745615294088523e-01 7.920254384705911477e-01
2.093282698985804990e-01 7.906717301014192234e-01
2.089629850317670789e-01 7.910370149682330876e-01
2.124502521786400810e-01 7.875497478213600022e-01
2.089405739128006312e-01 7.910594260871992578e-01
2.114374823851101481e-01 7.885625176148898241e-01
2.111869301640492413e-01 7.888130698359506754e-01
2.098373486432571766e-01 7.901626513567426846e-01
2.092993491832612907e-01 7.907006508167386816e-01
2.090671102340973808e-01 7.909328897659028135e-01
2.091802251513210920e-01 7.908197748486788248e-01
2.089811213615424823e-01 7.910188786384574344e-01
2.097565113682582638e-01 7.902434886317417639e-01
2.100482354087231662e-01 7.899517645912769170e-01
2.096635061246754084e-01 7.903364938753245639e-01
2.086071236840039700e-01 7.913928763159958635e-01
2.113533908987602072e-01 7.886466091012399593e-01
2.110351241496122576e-01 7.889648758503876591e-01
2.109797319627430279e-01 7.890202680372568889e-01
2.092254594488652808e-01 7.907745405511349412e-01
2.100676315226020496e-01 7.899323684773980059e-01
2.091424265806122174e-01 7.908575734193880047e-01
2.099652737350382603e-01 7.900347262649617397e-01
2.114430123572020592e-01 7.885569876427981351e-01
2.087451437823947820e-01 7.912548562176051625e-01
2.106612502124859676e-01 7.893387497875140602e-01
2.098877245556574067e-01 7.901122754443428153e-01
2.102497859989511941e-01 7.897502140010488336e-01
2.072406271846227444e-01 7.927593728153773389e-01
2.106127222322579928e-01 7.893872777677419794e-01
2.101697817458140216e-01 7.898302182541862004e-01
2.083698309867297593e-01 7.916301690132698798e-01
2.097164636851243380e-01 7.902835363148756898e-01
2.103234647762936560e-01 7.896765352237065105e-01
2.095122342769408230e-01 7.904877657230592325e-01
2.095125041296580781e-01 7.904874958703419496e-01
2.090869817798713393e-01 7.909130182201286052e-01
2.104620080507340618e-01 7.895379919492658827e-01
2.096194722294668911e-01 7.903805277705330257e-01
2.089580319672827424e-01 7.910419680327172021e-01
2.107410063821528179e-01 7.892589936178471266e-01
2.081989113468380448e-01 7.918010886531620107e-01
2.091552855977946157e-01 7.908447144022054953e-01
2.100082062032696262e-01 7.899917937967304571e-01
2.105338545666154693e-01 7.894661454333845585e-01
2.095881724664535040e-01 7.904118275335464405e-01
2.101902565338955864e-01 7.898097434661043303e-01
2.089522818296084272e-01 7.910477181703916560e-01
2.089078284792201257e-01 7.910921715207800409e-01
2.096161780769358052e-01 7.903838219230638895e-01
2.090338527982837369e-01 7.909661472017162076e-01
2.095040750505509086e-01 7.904959249494490914e-01
2.109587964433527751e-01 7.890412035566468640e-01
2.100585741762871217e-01 7.899414258237130726e-01
2.092848653928639502e-01 7.907151346071362719e-01
2.088118977319476377e-01 7.911881022680523623e-01
2.110162446568784322e-01 7.889837553431213735e-01
2.094886738196597709e-01 7.905113261803402569e-01
2.111981311682979146e-01 7.888018688317020022e-01
2.099336741169845200e-01 7.900663258830157298e-01
2.089081763247338519e-01 7.910918236752662036e-01
2.107796562721151734e-01 7.892203437278847433e-01
2.091214748043725424e-01 7.908785251956275131e-01
2.089627598922763063e-01 7.910372401077235827e-01
2.081046170715369625e-01 7.918953829284628432e-01
2.112708759718132934e-01 7.887291240281867344e-01
2.098593781599855934e-01 7.901406218400144343e-01
2.083364288324206504e-01 7.916635711675792386e-01
2.098544038899375075e-01 7.901455961100624092e-01
2.106575395413819440e-01 7.893424604586182225e-01
2.095278521722387655e-01 7.904721478277610958e-01
2.117153592843731003e-01 7.882846407156267610e-01
2.093930240928236208e-01 7.906069759071763237e-01
2.097507255801846215e-01 7.902492744198154062e-01
2.093803930728566076e-01 7.906196069271432814e-01
2.088045071652344375e-01 7.911954928347656457e-01
2.110806948193308941e-01 7.889193051806693280e-01
2.100117893991803597e-01 7.899882106008195848e-01
2.128117330934829465e-01 7.871882669065168869e-01
2.095222939820453323e-01 7.904777060179545289e-01
2.105015656140246660e-01 7.894984343859752229e-01
2.085599783088947501e-01 7.914400216911050556e-01
2.100015474926116288e-01 7.899984525073883157e-01
2.094443796196397423e-01 7.905556203803600912e-01
2.096774054214733118e-01 7.903225945785267159e-01
2.092338403055915008e-01 7.907661596944084437e-01
2.111033142193096401e-01 7.888966857806906097e-01
2.090816379537759340e-01 7.909183620462237885e-01
2.103308962648789693e-01 7.896691037351210030e-01
2.093561959633274128e-01 7.906438040366724485e-01
2.107354092956740532e-01 7.892645907043257525e-01
2.117265926245522623e-01 7.882734073754478210e-01
2.106700495723455302e-01 7.893299504276541922e-01
2.105621463090700252e-01 7.894378536909297805e-01
2.093413350988049815e-01 7.906586649011950740e-01
2.097383267616193536e-01 7.902616732383805909e-01
2.086470294013152149e-01 7.913529705986845908e-01
2.083160842367544341e-01 7.916839157632457047e-01
2.104844784377948308e-01 7.895155215622055023e-01
2.105426338900077687e-01 7.894573661099919537e-01
2.119322096237659103e-01 7.880677903762338676e-01
2.097854929044451755e-01 7.902145070955550743e-01
2.090662626273024349e-01 7.909337373726972320e-01
2.094659588919652871e-01 7.905340411080344909e-01
2.103403235749777556e-01 7.896596764250219946e-01
2.104636276499895764e-01 7.895363723500102848e-01
2.091947867782253112e-01 7.908052132217745500e-01
2.098457920862938642e-01 7.901542079137062746e-01
2.113809077733392050e-01 7.886190922266608228e-01
2.095990760509047479e-01 7.904009239490952243e-01
2.105037924887167566e-01 7.894962075112830213e-01
2.094070751022273635e-01 7.905929248977726642e-01
2.105057080099214939e-01 7.894942919900785894e-01
2.085276736150770416e-01 7.914723263849230417e-01
2.097332851643008145e-01 7.902667148356993243e-01
2.095562132517722054e-01 7.904437867482277946e-01
2.094867911680914907e-01 7.905132088319086758e-01
2.093339355000115032e-01 7.906660644999885523e-01
2.105826827194088036e-01 7.894173172805912797e-01
2.096904811821770076e-01 7.903095188178228536e-01
2.103430110476990356e-01 7.896569889523008534e-01
2.098262187216752006e-01 7.901737812783249382e-01
2.116146041222906615e-01 7.883853958777091719e-01
2.094193284811425859e-01 7.905806715188572475e-01
2.096969120382517759e-01 7.903030879617481963e-01
2.088473800986554996e-01 7.911526199013447780e-01
2.096494483186934210e-01 7.903505516813068565e-01
2.107203936283510159e-01 7.892796063716490673e-01
2.098736864824029824e-01 7.901263135175969898e-01
2.096614782572681357e-01 7.903385217427318921e-01
2.090342186238957067e-01 7.909657813761041822e-01
2.102554067725476428e-01 7.897445932274522740e-01
2.087592572795257395e-01 7.912407427204743993e-01
2.092146159165768626e-01 7.907853840834228043e-01
2.096396614491009835e-01 7.903603385508990442e-01
2.099392967669654886e-01 7.900607032330347890e-01
2.094962209022517008e-01 7.905037790977481604e-01
2.102805694534218284e-01 7.897194305465782271e-01
2.099097119537444711e-01 7.900902880462555844e-01
2.086446748255072481e-01 7.913553251744924744e-01
2.091717617773376225e-01 7.908282382226623497e-01
2.100312750351152058e-01 7.899687249648849052e-01
2.098209053409813285e-01 7.901790946590184772e-01
2.095399144484374754e-01 7.904600855515625524e-01
2.101084100221954909e-01 7.898915899778046201e-01
2.101232514570854637e-01 7.898767485429144530e-01
2.077585350685628995e-01 7.922414649314369894e-01
2.089770691726810237e-01 7.910229308273188931e-01
2.086331215911731984e-01 7.913668784088268016e-01
2.105440149509268388e-01 7.894559850490731057e-01
2.107640051758665201e-01 7.892359948241333134e-01
2.095026101199229662e-01 7.904973898800770060e-01
2.109610320255398963e-01 7.890389679744599372e-01
2.089464841506301629e-01 7.910535158493696706e-01
2.097092124459604134e-01 7.902907875540395866e-01
2.083726748762670666e-01 7.916273251237327946e-01
2.089283447613481393e-01 7.910716552386520828e-01
2.102920768254256945e-01 7.897079231745743888e-01
2.087098700094741077e-01 7.912901299905260588e-01
2.088372856440487424e-01 7.911627143559512021e-01
2.096951071879173401e-01 7.903048928120823824e-01
2.092623829333595531e-01 7.907376170666404747e-01
2.096103296813079941e-01 7.903896703186920059e-01
2.107118664752737347e-01 7.892881335247260433e-01
2.099850362477085619e-01 7.900149637522915214e-01
2.104659950146849923e-01 7.895340049853151188e-01
2.083626933187938957e-01 7.916373066812059101e-01
2.101811204810946909e-01 7.898188795189055034e-01
2.101051727130801849e-01 7.898948272869197318e-01
2.104713533406573356e-01 7.895286466593429697e-01
2.092085760942502537e-01 7.907914239057496353e-01
2.096265208825863202e-01 7.903734791174136243e-01
2.092567642202492195e-01 7.907432357797505862e-01
2.096217247565565489e-01 7.903782752434432846e-01
2.114671734859541186e-01 7.885328265140459925e-01
2.114012046100673947e-01 7.885987953899327163e-01
2.103368177971457753e-01 7.896631822028541414e-01
2.100699318820197781e-01 7.899300681179801664e-01
2.113667764533962157e-01 7.886332235466040341e-01
2.099331949757757831e-01 7.900668050242239948e-01
2.100344999011354297e-01 7.899655000988643483e-01
2.087933141928774161e-01 7.912066858071226116e-01
2.092278159718992114e-01 7.907721840281007886e-01
2.081207607729446685e-01 7.918792392270553870e-01
2.104825865723191913e-01 7.895174134276808919e-01
2.093372669184214441e-01 7.906627330815786392e-01
2.093750323706676797e-01 7.906249676293325424e-01
2.104764152691783741e-01 7.895235847308216259e-01
2.104142271059532832e-01 7.895857728940465226e-01
2.094600597782763640e-01 7.905399402217235805e-01
2.095507046101268422e-01 7.904492953898734076e-01
2.099318233036004677e-01 7.900681766963998376e-01
2.097452371281579853e-01 7.902547628718420425e-01
2.124192413713277550e-01 7.875807586286723838e-01
2.112866703014063263e-01 7.887133296985935349e-01
2.098634690650550971e-01 7.901365309349447363e-01
2.103830467989660780e-01 7.896169532010339775e-01
2.109889048164348690e-01 7.890110951835652697e-01
2.085419123675756881e-01 7.914580876324243119e-01
2.095936490413233544e-01 7.904063509586766179e-01
2.092347372589829224e-01 7.907652627410171053e-01
2.111600347429694602e-01 7.888399652570304843e-01
2.093372808514012418e-01 7.906627191485985362e-01
2.103430286288066609e-01 7.896569713711933947e-01
2.098934463838622866e-01 7.901065536161377967e-01
2.093687732537343749e-01 7.906312267462654031e-01
2.105480118131201339e-01 7.894519881868800049e-01
2.093442916556035316e-01 7.906557083443964684e-01
2.105982082497502017e-01 7.894017917502497150e-01
2.097525109467986426e-01 7.902474890532015239e-01
2.107564937408681061e-01 7.892435062591317552e-01
2.087618165878766807e-01 7.912381834121235968e-01
2.092254146909715562e-01 7.907745853090286658e-01
2.105553140024725989e-01 7.894446859975272623e-01
2.088920366157429598e-01 7.911079633842570402e-01
2.106608377656331854e-01 7.893391622343669534e-01
2.103687395042420361e-01 7.896312604957583803e-01
2.104034884716399767e-01 7.895965115283601898e-01
2.128169282056219247e-01 7.871830717943782973e-01
2.098204500969166608e-01 7.901795499030832559e-01
2.095125567818622858e-01 7.904874432181376864e-01
2.108802027778237664e-01 7.891197972221762891e-01
2.107187780622647166e-01 7.892812219377354221e-01
2.095156779110528000e-01 7.904843220889472555e-01
2.101388058255964919e-01 7.898611941744037024e-01
2.102158262903229269e-01 7.897841737096771286e-01
2.121725781664686172e-01 7.878274218335311607e-01
2.109455929938134078e-01 7.890544070061867865e-01
2.101665712497213234e-01 7.898334287502785100e-01
2.094549804388058378e-01 7.905450195611941622e-01
2.106773709762084779e-01 7.893226290237915777e-01
2.095393756642735528e-01 7.904606243357263917e-01
2.096491602593698045e-01 7.903508397406301400e-01
2.094376879363820387e-01 7.905623120636181556e-01
2.096041267849450551e-01 7.903958732150551114e-01
2.106881478471620550e-01 7.893118521528379450e-01
2.102715606842218976e-01 7.897284393157781857e-01
2.103147759665831007e-01 7.896852240334168993e-01
2.105897171766604736e-01 7.894102828233393598e-01
2.097725016375155682e-01 7.902274983624844040e-01
2.117122420880310218e-01 7.882877579119690337e-01
2.105643568499849239e-01 7.894356431500147986e-01
2.091857245227004558e-01 7.908142754772995442e-01
2.110201074437325630e-01 7.889798925562673260e-01
2.098332931152183944e-01 7.901667068847817443e-01
2.095225711202253482e-01 7.904774288797747905e-01
2.117539432794863508e-01 7.882460567205137325e-01
2.103430078091297339e-01 7.896569921908704881e-01
2.084556649376656245e-01 7.915443350623344587e-01
2.092458425834220481e-01 7.907541574165779519e-01
2.097952580045144289e-01 7.902047419954855156e-01
2.093994648115197754e-01 7.906005351884802801e-01
2.123203831946052222e-01 7.876796168053948888e-01
2.097914136530146245e-01 7.902085863469854310e-01
2.100550656048715270e-01 7.899449343951286950e-01
2.103751849174206046e-01 7.896248150825795342e-01
2.108954080415944565e-01 7.891045919584056545e-01
2.107086389560391682e-01 7.892913610439608041e-01
2.104324557904503901e-01 7.895675442095495544e-01
2.107937254426457130e-01 7.892062745573541482e-01
2.082605838135754561e-01 7.917394161864244051e-01
2.087914771864457786e-01 7.912085228135544712e-01
2.114463361193544277e-01 7.885536638806456278e-01
2.094165646447978812e-01 7.905834353552022575e-01
2.101876822511903053e-01 7.898123177488093338e-01
2.102320128744507299e-01 7.897679871255495199e-01
2.103359971929144034e-01 7.896640028070855966e-01
2.096806972767840949e-01 7.903193027232155998e-01
2.111244716189083215e-01 7.888755283810916508e-01
2.097500813215742999e-01 7.902499186784256446e-01
2.118526091186106464e-01 7.881473908813892981e-01
2.097895273456185095e-01 7.902104726543816016e-01
2.088218373625909674e-01 7.911781626374089216e-01
2.086503817321793131e-01 7.913496182678206869e-01
2.088558035167070726e-01 7.911441964832929274e-01
2.107038435754616523e-01 7.892961564245383199e-01
2.104231816381805509e-01 7.895768183618193659e-01
2.103030468352538040e-01 7.896969531647461960e-01
2.089627055654840193e-01 7.910372944345160917e-01
2.101073525733556657e-01 7.898926474266442233e-01
2.099189929712969582e-01 7.900810070287030973e-01
2.089288044696569757e-01 7.910711955303429965e-01
2.102501819925397808e-01 7.897498180074600249e-01
2.103264596844824363e-01 7.896735403155175081e-01
2.108980718581262570e-01 7.891019281418735209e-01
2.109687573117567105e-01 7.890312426882429842e-01
2.115215091234018963e-01 7.884784908765983813e-01
2.099428112115203915e-01 7.900571887884795252e-01
2.100706232872813772e-01 7.899293767127189003e-01
2.099922658599889802e-01 7.900077341400112418e-01
2.091953998717345220e-01 7.908046001282655890e-01
2.076183069925093272e-01 7.923816930074906173e-01
2.111639412838433871e-01 7.888360587161564741e-01
2.096204324048483725e-01 7.903795675951515998e-01
2.097691643224679492e-01 7.902308356775320508e-01
2.107768337638540879e-01 7.892231662361461897e-01
2.101693450637937832e-01 7.898306549362064111e-01
2.104729683842309351e-01 7.895270316157693147e-01
2.091478977914465187e-01 7.908521022085536201e-01
2.095826201784680709e-01 7.904173798215318181e-01
2.091230927465295708e-01 7.908769072534704847e-01
2.092497919266983475e-01 7.907502080733015415e-01
2.105964088495406727e-01 7.894035911504592162e-01
2.113620828325099565e-01 7.886379171674902100e-01
2.090179541540876651e-01 7.909820458459123627e-01
2.091253847355437900e-01 7.908746152644562377e-01
2.091745416533407065e-01 7.908254583466591825e-01
2.099002679478640387e-01 7.900997320521362388e-01
2.096843776978462581e-01 7.903156223021536864e-01
2.098716345341812284e-01 7.901283654658188826e-01
2.087872611368858100e-01 7.912127388631142733e-01
2.103474364736250546e-01 7.896525635263751397e-01
2.089009250680065322e-01 7.910990749319934956e-01
2.098466422747110871e-01 7.901533577252889406e-01
2.093134901343111920e-01 7.906865098656888913e-01
2.078399485801683821e-01 7.921600514198315901e-01
2.090367365365113916e-01 7.909632634634884418e-01
2.112276460316440396e-01 7.887723539683557661e-01
2.102427154620187810e-01 7.897572845379813300e-01
2.090994302725304732e-01 7.909005697274694713e-01
2.095047414657971729e-01 7.904952585342028826e-01
2.115427546533037440e-01 7.884572453466963671e-01
2.094196439904021656e-01 7.905803560095978622e-01
2.090936984820030708e-01 7.909063015179969014e-01
2.089703352551972038e-01 7.910296647448026297e-01
2.097791883912223376e-01 7.902208116087775513e-01
2.095535237718555988e-01 7.904464762281442347e-01
2.098762848603908937e-01 7.901237151396091063e-01
2.105311042637496577e-01 7.894688957362505644e-01
2.095582786870057446e-01 7.904417213129942832e-01
2.098801476589290116e-01 7.901198523410710717e-01
2.099035070920744761e-01 7.900964929079253851e-01
2.082305707127463934e-01 7.917694292872535788e-01
2.085888818041837789e-01 7.914111181958161101e-01
2.101312993524223072e-01 7.898687006475779704e-01
2.103279193376973721e-01 7.896720806623026556e-01
2.098306526576652342e-01 7.901693473423345715e-01
2.091949486219231713e-01 7.908050513780769952e-01
2.101743219787448880e-01 7.898256780212551398e-01
2.103786339845403475e-01 7.896213660154598468e-01
2.108628070684672451e-01 7.891371929315328382e-01
2.097934835139139698e-01 7.902065164860859747e-01
2.100786600284862693e-01 7.899213399715135919e-01
2.097169918636287989e-01 7.902830081363713122e-01
2.096875095977341619e-01 7.903124904022660324e-01
2.115052039432653574e-01 7.884947960567347813e-01
2.084127279724477810e-01 7.915872720275521912e-01
2.135081255409516654e-01 7.864918744590484456e-01
2.089334887120843642e-01 7.910665112879156080e-01
2.094534450058030128e-01 7.905465549941971259e-01
2.088180829596757992e-01 7.911819170403242563e-01
2.110550736102749514e-01 7.889449263897249098e-01
2.093930404106467413e-01 7.906069595893532309e-01
2.093939754801140418e-01 7.906060245198859304e-01
2.095778403496020015e-01 7.904221596503981928e-01
2.112844375995678314e-01 7.887155624004320575e-01
2.100128260774199174e-01 7.899871739225798883e-01
2.094914866004866372e-01 7.905085133995135571e-01
2.094498743633147753e-01 7.905501256366854745e-01
2.100922575704027850e-01 7.899077424295972705e-01
2.097609340797856048e-01 7.902390659202144230e-01
2.104987950843003608e-01 7.895012049156996392e-01
2.095625931709608480e-01 7.904374068290392907e-01
2.096285761340469789e-01 7.903714238659530489e-01
2.104370455386134209e-01 7.895629544613866901e-01
2.087862055882193646e-01 7.912137944117807464e-01
2.078751035464446728e-01 7.921248964535551051e-01
2.088263461777489505e-01 7.911736538222512438e-01
2.097990165628676740e-01 7.902009834371325203e-01
2.102545157279332166e-01 7.897454842720667001e-01
2.089771909911277425e-01 7.910228090088722297e-01
2.106510154151975678e-01 7.893489845848022934e-01
2.094085381815200819e-01 7.905914618184801679e-01
2.097447137281720497e-01 7.902552862718279503e-01
2.088633673118171774e-01 7.911366326881829059e-01
2.099909907984491009e-01 7.900090092015507048e-01
2.102222462235018019e-01 7.897777537764982814e-01
2.111421258112994304e-01 7.888578741887003476e-01
2.099748968046684927e-01 7.900251031953314795e-01
2.095829841992373210e-01 7.904170158007626235e-01
2.108900801870849107e-01 7.891099198129150061e-01
2.093484393187588777e-01 7.906515606812412056e-01
2.110148988136779646e-01 7.889851011863219243e-01
2.108928673800757325e-01 7.891071326199243785e-01
2.105281963773079357e-01 7.894718036226920921e-01
2.115300599000062010e-01 7.884699400999937158e-01
2.111682219295245300e-01 7.888317780704755533e-01
2.106944259384919138e-01 7.893055740615080307e-01
2.093531700633461945e-01 7.906468299366535835e-01
2.087092099346390672e-01 7.912907900653609605e-01
2.115491848590029811e-01 7.884508151409972410e-01
2.103104137063149248e-01 7.896895862936851307e-01
2.094405343958236632e-01 7.905594656041762258e-01
2.093180237667842947e-01 7.906819762332156776e-01
2.097117588317622405e-01 7.902882411682378150e-01
2.108654442947019980e-01 7.891345557052978910e-01
2.106811886677389389e-01 7.893188113322612276e-01
2.101967275225619658e-01 7.898032724774380897e-01
2.098453705284482051e-01 7.901546294715520169e-01
2.103686811660401557e-01 7.896313188339598721e-01
2.097410805811692758e-01 7.902589194188306410e-01
2.085348743860279963e-01 7.914651256139720870e-01
2.098443618232805064e-01 7.901556381767194104e-01
2.091617472599933414e-01 7.908382527400067419e-01
2.105562387907227717e-01 7.894437612092773948e-01
2.098783029803244216e-01 7.901216970196754952e-01
2.102304263850318655e-01 7.897695736149683565e-01
2.099487190223236210e-01 7.900512809776766288e-01
2.096886527729163174e-01 7.903113472270837381e-01
2.110325698790094517e-01 7.889674301209907981e-01
2.100842224148324888e-01 7.899157775851677332e-01
2.107302628064130490e-01 7.892697371935869510e-01
2.092141139339886990e-01 7.907858860660113010e-01
2.099512494975135923e-01 7.900487505024863522e-01
2.105472626513102963e-01 7.894527373486895927e-01
2.087525846259368212e-01 7.912474153740632898e-01
2.112079312812448206e-01 7.887920687187552904e-01
2.093054726531510257e-01 7.906945273468490853e-01
2.092519714577088796e-01 7.907480285422912036e-01
2.090938476330491957e-01 7.909061523669508320e-01
2.099669104098995931e-01 7.900330895901003236e-01
2.082537414161705069e-01 7.917462585838296318e-01
2.100282708363249429e-01 7.899717291636750849e-01
2.093466638256540058e-01 7.906533361743460775e-01
2.108116844720129279e-01 7.891883155279868500e-01
2.105678709130510140e-01 7.894321290869489305e-01
2.107183984664973142e-01 7.892816015335025748e-01
2.100985615850089194e-01 7.899014384149912749e-01
2.094056434039629488e-01 7.905943565960372732e-01
2.089664833262354915e-01 7.910335166737645363e-01
2.090570603282676521e-01 7.909429396717322369e-01
2.087845771892807845e-01 7.912154228107192155e-01
2.096746201386038011e-01 7.903253798613962822e-01
2.102639756560754081e-01 7.897360243439245364e-01
2.098397263809360092e-01 7.901602736190639353e-01
2.110800769567363344e-01 7.889199230432636378e-01
2.091970791089156345e-01 7.908029208910842822e-01
2.091031946985539014e-01 7.908968053014461264e-01
2.095616989014771059e-01 7.904383010985228664e-01
2.106127070771364740e-01 7.893872929228635815e-01
2.097388045895976771e-01 7.902611954104024061e-01
2.107554611661007493e-01 7.892445388338993340e-01
2.092590774226517070e-01 7.907409225773480710e-01
2.096518032967692458e-01 7.903481967032306432e-01
2.095373331226620672e-01 7.904626668773377940e-01
2.095247148000905502e-01 7.904752851999093943e-01
2.103686571648540338e-01 7.896313428351457997e-01
2.102160731556388940e-01 7.897839268443609395e-01
2.093207940204069306e-01 7.906792059795930694e-01
2.103673257602572122e-01 7.896326742397428156e-01
2.086227011006101251e-01 7.913772988993899027e-01
2.102227977682228910e-01 7.897772022317770535e-01
2.108163413509965001e-01 7.891836586490035277e-01
2.106192958529699844e-01 7.893807041470299879e-01
2.102954999394833768e-01 7.897045000605167342e-01
2.091192308650454967e-01 7.908807691349546420e-01
2.098586554399108628e-01 7.901413445600889984e-01
2.101261678492221674e-01 7.898738321507778881e-01
2.101923973342003649e-01 7.898076026657996351e-01
2.085980547849286271e-01 7.914019452150716782e-01
2.076051643406578717e-01 7.923948356593422115e-01
2.099820723148081436e-01 7.900179276851921895e-01
2.100099591144299060e-01 7.899900408855703438e-01
2.102202431959885598e-01 7.897797568040114680e-01
2.101283541547787903e-01 7.898716458452211819e-01
2.093569035266861222e-01 7.906430964733137667e-01
2.093840303741138775e-01 7.906159696258863168e-01
2.098627691468088474e-01 7.901372308531910971e-01
2.107528189299994192e-01 7.892471810700004697e-01
2.105819550404254281e-01 7.894180449595746829e-01
2.092135130594940384e-01 7.907864869405057950e-01
2.101592997421211084e-01 7.898407002578788916e-01
2.098393605305519105e-01 7.901606394694481450e-01
2.112490030282635767e-01 7.887509969717363401e-01
2.100352924829449741e-01 7.899647075170552757e-01
2.091218007385088618e-01 7.908781992614910550e-01
2.106285045591701488e-01 7.893714954408297402e-01
2.093738459800625062e-01 7.906261540199372995e-01
2.102474743114607358e-01 7.897525256885392642e-01
2.095791571112667895e-01 7.904208428887330440e-01
2.104807397796525370e-01 7.895192602203473520e-01
2.093390831654168283e-01 7.906609168345831717e-01
2.097270041578861988e-01 7.902729958421138567e-01
2.103290798002621365e-01 7.896709201997379468e-01
2.083213446446921802e-01 7.916786553553076811e-01
2.097557024034721607e-01 7.902442975965278116e-01
2.099034487548423200e-01 7.900965512451576522e-01
2.091161889716675604e-01 7.908838110283322731e-01
2.084158260531460694e-01 7.915841739468537641e-01
2.091788645815803593e-01 7.908211354184194741e-01
2.090274446586699308e-01 7.909725553413299304e-01
2.094682493389240785e-01 7.905317506610761713e-01
2.104301648032058658e-01 7.895698351967941342e-01
2.096868017190793299e-01 7.903131982809208367e-01
2.089676882707257044e-01 7.910323117292743511e-01
2.101854034784971514e-01 7.898145965215028763e-01
2.102522747783768242e-01 7.897477252216231758e-01
2.104532577289237316e-01 7.895467422710763516e-01
2.111227182451383133e-01 7.888772817548618255e-01
2.099641294441942918e-01 7.900358705558058192e-01
2.099926055234145605e-01 7.900073944765853007e-01
2.090959338483490138e-01 7.909040661516509862e-01
2.089798063309964982e-01 7.910201936690035573e-01
2.097252023262580478e-01 7.902747976737418689e-01
2.093524856281825941e-01 7.906475143718172394e-01
2.082141259383303300e-01 7.917858740616696700e-01
2.110028888712479622e-01 7.889971111287520378e-01
2.106738704520137728e-01 7.893261295479863104e-01
2.123908600470549302e-01 7.876091399529450143e-01
2.095787829543207526e-01 7.904212170456793585e-01
2.111957990333932500e-01 7.888042009666069720e-01
2.104853811123422458e-01 7.895146188876578375e-01
2.108499735011225840e-01 7.891500264988771107e-01
2.086524494878114200e-01 7.913475505121886355e-01
2.092025425122173432e-01 7.907974574877829621e-01
2.086403685370111505e-01 7.913596314629885997e-01
2.106324080214704020e-01 7.893675919785297923e-01
2.099738205886413356e-01 7.900261794113588865e-01
2.105969605094275554e-01 7.894030394905724446e-01
2.092242613517699690e-01 7.907757386482296980e-01
2.088635626503414777e-01 7.911364373496586611e-01
2.110199031552172366e-01 7.889800968447826524e-01
2.097575553016189087e-01 7.902424446983811190e-01
2.086994998975559290e-01 7.913005001024442375e-01
2.073647132702377549e-01 7.926352867297625782e-01
2.095985732090139553e-01 7.904014267909862390e-01
2.090280700537007208e-01 7.909719299462991682e-01
2.091457520806793702e-01 7.908542479193206853e-01
2.105041175989544044e-01 7.894958824010455123e-01
2.104852241211704056e-01 7.895147758788298997e-01
2.088286198919831194e-01 7.911713801080167974e-01
2.101168366450066882e-01 7.898831633549932008e-01
2.102656638233989794e-01 7.897343361766009373e-01
2.096742605417311056e-01 7.903257394582688944e-01
2.102850093373045126e-01 7.897149906626955707e-01
2.087495882978027129e-01 7.912504117021970096e-01
2.095360592949954692e-01 7.904639407050041422e-01
2.087712594120936238e-01 7.912287405879063762e-01
2.092531966875807170e-01 7.907468033124193107e-01
2.089284456129799350e-01 7.910715543870200372e-01
2.109016268525543691e-01 7.890983731474457974e-01
2.101996856962885241e-01 7.898003143037117812e-01
2.101341640863303994e-01 7.898658359136696561e-01
2.099100844365461849e-01 7.900899155634536486e-01
2.107404419834972009e-01 7.892595580165029379e-01
2.112167056584873803e-01 7.887832943415127307e-01
2.107519610355708950e-01 7.892480389644290772e-01
2.089589264217460995e-01 7.910410735782539282e-01
2.092751979775189231e-01 7.907248020224809659e-01
2.102151250299376106e-01 7.897848749700622228e-01
2.097223010382721353e-01 7.902776989617280590e-01
2.094848830661681927e-01 7.905151169338315853e-01
2.095898589242206345e-01 7.904101410757792268e-01
2.100055959471985867e-01 7.899944040528014133e-01
2.103649460315605013e-01 7.896350539684395820e-01
2.105253983457516798e-01 7.894746016542483202e-01
2.095625319797632946e-01 7.904374680202367331e-01
2.110242020665095974e-01 7.889757979334907079e-01
2.087826502587921962e-01 7.912173497412077205e-01
2.082340950768876708e-01 7.917659049231122737e-01
2.104996927185391331e-01 7.895003072814608114e-01
2.092265118780095301e-01 7.907734881219903311e-01
2.097960616491587049e-01 7.902039383508414616e-01
2.096935197549814334e-01 7.903064802450185944e-01
2.097184982136207354e-01 7.902815017863792368e-01
2.093177188460222660e-01 7.906822811539775397e-01
2.089973711423450675e-01 7.910026288576550435e-01
2.103007179927299797e-01 7.896992820072697983e-01
2.103156017473656325e-01 7.896843982526344785e-01
2.107720937428916863e-01 7.892279062571083692e-01
2.089515561474188654e-01 7.910484438525811068e-01
2.099921057521773882e-01 7.900078942478225841e-01
2.094857909623810965e-01 7.905142090376188202e-01
2.109488910962711572e-01 7.890511089037288706e-01
2.102355606979605662e-01 7.897644393020393228e-01
2.090633130901887460e-01 7.909366869098112263e-01
2.102853066197775400e-01 7.897146933802224877e-01
2.096920241302223931e-01 7.903079758697773016e-01
2.101035262250693925e-01 7.898964737749305520e-01
2.099092330357225089e-01 7.900907669642776021e-01
2.090177184560475521e-01 7.909822815439526700e-01
2.100707976224662765e-01 7.899292023775335014e-01
2.088535174096642077e-01 7.911464825903358200e-01
2.105479407136282011e-01 7.894520592863718544e-01
2.100056730326492760e-01 7.899943269673509461e-01
2.109049108310795118e-01 7.890950891689204605e-01
2.100860127516032128e-01 7.899139872483967872e-01
2.101802092756292484e-01 7.898197907243708071e-01
2.095318812588592428e-01 7.904681187411406462e-01
2.108148200670449390e-01 7.891851799329551165e-01
2.093119869706101255e-01 7.906880130293899578e-01
2.084816068928043720e-01 7.915183931071956280e-01
2.097441751210163408e-01 7.902558248789834927e-01
2.098371545219083756e-01 7.901628454780915689e-01
2.096840265021433503e-01 7.903159734978567608e-01
2.098457069802050490e-01 7.901542930197947845e-01
2.107116353151644861e-01 7.892883646848354307e-01
2.091674367673294621e-01 7.908325632326707044e-01
2.089220942465152275e-01 7.910779057534849112e-01
2.112798138967544592e-01 7.887201861032455685e-01
2.110738377414300149e-01 7.889261622585702627e-01
2.093055486821607802e-01 7.906944513178391087e-01
2.107520138562081480e-01 7.892479861437916577e-01
2.100607327532078572e-01 7.899392672467923093e-01
2.103230265572368640e-01 7.896769734427633303e-01
2.098282051938903103e-01 7.901717948061096619e-01
2.117388889975987121e-01 7.882611110024011492e-01
2.095642074684166134e-01 7.904357925315836919e-01
2.105355039407128259e-01 7.894644960592870353e-01
2.094871778480132674e-01 7.905128221519865939e-01
2.075749296857990756e-01 7.924250703142007302e-01
2.111870686320773960e-01 7.888129313679227428e-01
2.081306501045954160e-01 7.918693498954046950e-01
2.086507111103563239e-01 7.913492888896436206e-01
2.099738499730588459e-01 7.900261500269413206e-01
2.101084416800989008e-01 7.898915583199010992e-01
2.088462564832214707e-01 7.911537435167784738e-01
2.105035800283710512e-01 7.894964199716287823e-01
2.101150980157193704e-01 7.898849019842805186e-01
2.110445323783459726e-01 7.889554676216540274e-01
2.097580657469976517e-01 7.902419342530022650e-01
2.117486229981349333e-01 7.882513770018652055e-01
2.090470807118985641e-01 7.909529192881014081e-01
2.096313319456116209e-01 7.903686680543883236e-01
2.111709738825376104e-01 7.888290261174621953e-01
2.098468299175976215e-01 7.901531700824023785e-01
2.106221251609278478e-01 7.893778748390721800e-01
2.103975433400162298e-01 7.896024566599839645e-01
2.085311925967726632e-01 7.914688074032274478e-01
2.101966586833577399e-01 7.898033413166422045e-01
2.099729744172448842e-01 7.900270255827550603e-01
2.082531699798139402e-01 7.917468300201860876e-01
2.104116136840969431e-01 7.895883863159033345e-01
2.101616980866162221e-01 7.898383019133837779e-01
2.098688442581906621e-01 7.901311557418093656e-01
2.111658956435115697e-01 7.888341043564884858e-01
2.101275974762567278e-01 7.898724025237430224e-01
2.095582811817878477e-01 7.904417188182122356e-01
2.085666832700889817e-01 7.914333167299110183e-01
2.099785279443738273e-01 7.900214720556261172e-01
2.099998994968097499e-01 7.900001005031902501e-01
2.097064616148170968e-01 7.902935383851829032e-01
2.099156407005055291e-01 7.900843592994943876e-01
2.092069361780481696e-01 7.907930638219516917e-01
2.090022307521573752e-01 7.909977692478427080e-01
2.099155029456478416e-01 7.900844970543522416e-01
2.097316688863820056e-01 7.902683311136181610e-01
2.098812508581697489e-01 7.901187491418303344e-01
2.101607397067195571e-01 7.898392602932804429e-01
2.094406901634147944e-01 7.905593098365853999e-01
2.098797666237688930e-01 7.901202333762308294e-01
2.102481316376276776e-01 7.897518683623721003e-01
2.118269395518968534e-01 7.881730604481028690e-01
2.088258209117877517e-01 7.911741790882123038e-01
2.110210566487668304e-01 7.889789433512330863e-01
2.089506738454908752e-01 7.910493261545091803e-01
2.105752102619225796e-01 7.894247897380772816e-01
2.099933627820504134e-01 7.900066372179497254e-01
2.078348288617499762e-01 7.921651711382500238e-01
2.105445413330339910e-01 7.894554586669659813e-01
2.097050858917145211e-01 7.902949141082852291e-01
2.107783754462961567e-01 7.892216245537037045e-01
2.091670478436021274e-01 7.908329521563978171e-01
2.080669956402485254e-01 7.919330043597515578e-01
2.102133331956652085e-01 7.897866668043347360e-01
2.115815456963359709e-01 7.884184543036640846e-01
2.101078112806314402e-01 7.898921887193687263e-01
2.106638657965654582e-01 7.893361342034347361e-01
2.105398024957977066e-01 7.894601975042020436e-01
2.106397426252558380e-01 7.893602573747440232e-01
2.107132817034997607e-01 7.892867182965001005e-01
2.102556224606912938e-01 7.897443775393084842e-01
2.082245870434411839e-01 7.917754129565588439e-01
2.099523470491757304e-01 7.900476529508243528e-01
2.087506946728480972e-01 7.912493053271517640e-01
2.093477124419923785e-01 7.906522875580077603e-01
2.098721520139122942e-01 7.901278479860878168e-01
2.092168540067984306e-01 7.907831459932013196e-01
2.108455411222210363e-01 7.891544588777787972e-01
2.092454252842196327e-01 7.907545747157803673e-01
2.101866396873401099e-01 7.898133603126600288e-01
2.106911948756994835e-01 7.893088051243005721e-01
2.093958560284580328e-01 7.906041439715419950e-01
2.111789789033998166e-01 7.888210210966002389e-01
2.104389755431779752e-01 7.895610244568218583e-01
2.092622524308435927e-01 7.907377475691560464e-01
2.096844312776181551e-01 7.903155687223819559e-01
2.097590084073004124e-01 7.902409915926996709e-01
2.087751532184746739e-01 7.912248467815254926e-01
2.087139203464280779e-01 7.912860796535721164e-01
2.105193450024940571e-01 7.894806549975058596e-01
2.099057777562109428e-01 7.900942222437891127e-01
2.093274399482872583e-01 7.906725600517128250e-01
2.112858759487409033e-01 7.887141240512589579e-01
2.087645279239223606e-01 7.912354720760775839e-01
2.115772089540538525e-01 7.884227910459463695e-01
2.131151709023479113e-01 7.868848290976520055e-01
2.107602890121905714e-01 7.892397109878095396e-01
2.108459057975081707e-01 7.891540942024918293e-01
2.093264752041318622e-01 7.906735247958683876e-01
2.112633230047932242e-01 7.887366769952066647e-01
2.099899980977877056e-01 7.900100019022120446e-01
2.094415358692237883e-01 7.905584641307760174e-01
2.085223010919734499e-01 7.914776989080263281e-01
2.089029276031936500e-01 7.910970723968065998e-01
2.093636608809641142e-01 7.906363391190358580e-01
2.112285746592189317e-01 7.887714253407812626e-01
2.100078916556226694e-01 7.899921083443773862e-01
2.087198867589304396e-01 7.912801132410692828e-01
2.096137836117372144e-01 7.903862163882625635e-01
2.106953052443872321e-01 7.893046947556128234e-01
2.087079723204974535e-01 7.912920276795025742e-01
2.105329277761569251e-01 7.894670722238430471e-01
2.096405382265696948e-01 7.903594617734303052e-01
2.088786147622270495e-01 7.911213852377729783e-01
2.098689318635527101e-01 7.901310681364472899e-01
2.091832717010784215e-01 7.908167282989214675e-01
2.087235688186086791e-01 7.912764311813912377e-01
2.089555070376211410e-01 7.910444929623788868e-01
2.103531047600859794e-01 7.896468952399141594e-01
2.094906475935902068e-01 7.905093524064095156e-01
2.095308551950353926e-01 7.904691448049645519e-01
2.090332704005002928e-01 7.909667295994996516e-01
2.105205491832022047e-01 7.894794508167976010e-01
2.099702976165291335e-01 7.900297023834708110e-01
2.077354944496891953e-01 7.922645055503109157e-01
2.105431925563744644e-01 7.894568074436255634e-01
2.097977811848358576e-01 7.902022188151638371e-01
2.097093145346650978e-01 7.902906854653349855e-01
2.081434518439437553e-01 7.918565481560561059e-01
2.103191448374690242e-01 7.896808551625310590e-01
2.098810118782268030e-01 7.901189881217729472e-01
2.099678427688037308e-01 7.900321572311960194e-01
2.100316016667844732e-01 7.899683983332156378e-01
2.093538548433979130e-01 7.906461451566021426e-01
2.093048480442449566e-01 7.906951519557551267e-01
2.112622153084110777e-01 7.887377846915889501e-01
2.105752946107160295e-01 7.894247053892839983e-01
2.106554142030849508e-01 7.893445857969152435e-01
2.116846293599204121e-01 7.883153706400793936e-01
2.102840724452702537e-01 7.897159275547296353e-01
2.098573655865849930e-01 7.901426344134149238e-01
2.096910705807646935e-01 7.903089294192354730e-01
2.098469388223064558e-01 7.901530611776934609e-01
2.095470065692228989e-01 7.904529934307772399e-01
2.096733399812504839e-01 7.903266600187494051e-01
2.080952704455587554e-01 7.919047295544412446e-01
2.083424332595266992e-01 7.916575667404733840e-01
2.084272821178567991e-01 7.915727178821428955e-01
2.101276857100047302e-01 7.898723142899951588e-01
2.099730278189627652e-01 7.900269721810373458e-01
2.104221438340863337e-01 7.895778561659136940e-01
2.103994311363087955e-01 7.896005688636910103e-01
2.090535637522914769e-01 7.909464362477084398e-01
2.103042925916642492e-01 7.896957074083357231e-01
2.091809258414095152e-01 7.908190741585907624e-01
2.086198922885280083e-01 7.913801077114721583e-01
2.090500522168711184e-01 7.909499477831288816e-01
2.088233936632051535e-01 7.911766063367947632e-01
2.095889165015420441e-01 7.904110834984579004e-01
2.108101959431314953e-01 7.891898040568684491e-01
2.108067713820590827e-01 7.891932286179408340e-01
2.093053909421412895e-01 7.906946090578585995e-01
2.089316999435668343e-01 7.910683000564332490e-01
2.110856666951455018e-01 7.889143333048547202e-01
2.114945206160825653e-01 7.885054793839173515e-01
2.101440538505432998e-01 7.898559461494567557e-01
2.100678963331657489e-01 7.899321036668343066e-01
2.098670231149044330e-01 7.901329768850957613e-01
2.089565415329708853e-01 7.910434584670290592e-01
2.097521732041148501e-01 7.902478267958851221e-01
2.094282806173952682e-01 7.905717193826047318e-01
2.092522038454663891e-01 7.907477961545336109e-01
2.092405169363306394e-01 7.907594830636693883e-01
2.098896078195745252e-01 7.901103921804254471e-01
2.089289598028984118e-01 7.910710401971012828e-01
2.095222896100943366e-01 7.904777103899056634e-01
2.092260323185198556e-01 7.907739676814800056e-01
2.095607655627542698e-01 7.904392344372455081e-01
2.100654178166946329e-01 7.899345821833054782e-01
2.101190525800281095e-01 7.898809474199718350e-01
2.130354035163513904e-01 7.869645964836486929e-01
2.090222510430782832e-01 7.909777489569218556e-01
2.096223419126570786e-01 7.903776580873429491e-01
2.098970461298973189e-01 7.901029538701028754e-01
2.095308112882343088e-01 7.904691887117656357e-01
2.094700017276197035e-01 7.905299982723803520e-01
2.130799413375295825e-01 7.869200586624703897e-01
2.093871685147755679e-01 7.906128314852245431e-01
2.091422753283717906e-01 7.908577246716281817e-01
2.096574771901042467e-01 7.903425228098956978e-01
2.097383548155465072e-01 7.902616451844536316e-01
2.078223128702291200e-01 7.921776871297707689e-01
2.109517610194683312e-01 7.890482389805316688e-01
2.095508965828214998e-01 7.904491034171784447e-01
2.096470174737949388e-01 7.903529825262052277e-01
2.087453378866438725e-01 7.912546621133561553e-01
2.100230137791017637e-01 7.899769862208982918e-01
2.101203375888640035e-01 7.898796624111362741e-01
2.093793117469114617e-01 7.906206882530886215e-01
2.112185200336540170e-01 7.887814799663459553e-01
2.101114221739169563e-01 7.898885778260829049e-01
2.081352942647192450e-01 7.918647057352807828e-01
2.087563105552140419e-01 7.912436894447859581e-01
2.101764538170838581e-01 7.898235461829161697e-01
2.107703948084728995e-01 7.892296051915268507e-01
2.093657150316317883e-01 7.906342849683684060e-01
2.087200827802018765e-01 7.912799172197981790e-01
2.101798694884318142e-01 7.898201305115684079e-01
2.090914956600556651e-01 7.909085043399444181e-01
2.107211343521935842e-01 7.892788656478062492e-01
2.091653171253920751e-01 7.908346828746081192e-01
2.099524396807945781e-01 7.900475603192055329e-01
2.077720431400341405e-01 7.922279568599660537e-01
2.102412527905670181e-01 7.897587472094332872e-01
2.091876795736032357e-01 7.908123204263968198e-01
2.110527171979842131e-01 7.889472828020156481e-01
2.094637982131201670e-01 7.905362017868798885e-01
2.125931643009920657e-01 7.874068356990081563e-01
2.094295054547241908e-01 7.905704945452757260e-01
2.090457314586868232e-01 7.909542685413132324e-01
2.095532754170426337e-01 7.904467245829572830e-01
2.087907594378069220e-01 7.912092405621931057e-01
2.099834656676933808e-01 7.900165343323065636e-01
2.095443558993023425e-01 7.904556441006977963e-01
2.107855670673113579e-01 7.892144329326886698e-01
2.088782654362238700e-01 7.911217345637758802e-01
2.092894725855685145e-01 7.907105274144315965e-01
2.109427556949104166e-01 7.890572443050896112e-01
2.097592486386272714e-01 7.902407513613727286e-01
2.098466391621318927e-01 7.901533608378682461e-01
2.101479396391121302e-01 7.898520603608879531e-01
2.102739717974883016e-01 7.897260282025114764e-01
2.103494711024630759e-01 7.896505288975372849e-01
2.097338791368739408e-01 7.902661208631257539e-01
2.101729526857035457e-01 7.898270473142960935e-01
2.090365717452601357e-01 7.909634282547395312e-01
2.099595084083090424e-01 7.900404915916908744e-01
2.095460385394050662e-01 7.904539614605948783e-01
2.104164557389417434e-01 7.895835442610581456e-01
2.088378613384064553e-01 7.911621386615937945e-01
2.100521233251977093e-01 7.899478766748023739e-01
2.103207929952249644e-01 7.896792070047748968e-01
2.098323331149599680e-01 7.901676668850401430e-01
2.104904300966903563e-01 7.895095699033096714e-01
2.095675165490016034e-01 7.904324834509983688e-01
2.073336152036003577e-01 7.926663847963995035e-01
2.091581303624697186e-01 7.908418696375302259e-01
2.093757484633795296e-01 7.906242515366205259e-01
2.093326177825446943e-01 7.906673822174553612e-01
2.111741085689908259e-01 7.888258914310090075e-01
2.103214811245948668e-01 7.896785188754050777e-01
2.106059298121540635e-01 7.893940701878457977e-01
2.097280602513120207e-01 7.902719397486880348e-01
2.104013626500723377e-01 7.895986373499276345e-01
2.092654121620551311e-01 7.907345878379450355e-01
2.083960605142542166e-01 7.916039394857457001e-01
2.099193646623614684e-01 7.900806353376386149e-01
2.089275271683541935e-01 7.910724728316458343e-01
2.093163464712979038e-01 7.906836535287019574e-01
2.092287893803060350e-01 7.907712106196942425e-01
2.112887537711679309e-01 7.887112462288322634e-01
2.086273719766029433e-01 7.913726280233970289e-01
2.099502571639479120e-01 7.900497428360520047e-01
2.102216081612142684e-01 7.897783918387857316e-01
2.087412072667863550e-01 7.912587927332137561e-01
2.109242452517048061e-01 7.890757547482952772e-01
2.101535008944374339e-01 7.898464991055622608e-01
2.099057999816901499e-01 7.900942000183099889e-01
2.088308609259966475e-01 7.911691390740033247e-01
2.096410634304796405e-01 7.903589365695201652e-01
2.089644897584003180e-01 7.910355102415996820e-01
2.089821829089690552e-01 7.910178170910309170e-01
2.109846433418124390e-01 7.890153566581875610e-01
2.088738496514485066e-01 7.911261503485511604e-01
2.099317047360905464e-01 7.900682952639094259e-01
2.096240775535241629e-01 7.903759224464759203e-01
2.106009210881767402e-01 7.893990789118232598e-01
2.091166212345453579e-01 7.908833787654547809e-01
2.092842792760155612e-01 7.907157207239845498e-01
2.091355913203238048e-01 7.908644086796762229e-01
2.104361564878704516e-01 7.895638435121294929e-01
2.096380268333981056e-01 7.903619731666019499e-01
2.109303944097857819e-01 7.890696055902141071e-01
2.110324029377062538e-01 7.889675970622936907e-01
2.094618628406931526e-01 7.905381371593069861e-01
2.097350187865644200e-01 7.902649812134355800e-01
2.102584533133213807e-01 7.897415466866786193e-01
2.104943269968796438e-01 7.895056730031204673e-01
2.098364876808856971e-01 7.901635123191145249e-01
2.089080223778279899e-01 7.910919776221722044e-01
2.092336603545395524e-01 7.907663396454605031e-01
2.099224835835047376e-01 7.900775164164954845e-01
2.104544219560666729e-01 7.895455780439335491e-01
2.086033539928063563e-01 7.913966460071938380e-01
2.102036703953042707e-01 7.897963296046958126e-01
2.089229191690872844e-01 7.910770808309125490e-01
2.090697006511291756e-01 7.909302993488708244e-01
2.097911650288755148e-01 7.902088349711245963e-01
2.082718881815382173e-01 7.917281118184619215e-01
2.114431163566811434e-01 7.885568836433191064e-01
2.090768521052683293e-01 7.909231478947318372e-01
2.096761930784384331e-01 7.903238069215616779e-01
2.098557291197706010e-01 7.901442708802295378e-01
2.096784565172270520e-01 7.903215434827729480e-01
2.098228715387739363e-01 7.901771284612258972e-01
2.095401563888302787e-01 7.904598436111696103e-01
2.110726565224684825e-01 7.889273434775315730e-01
2.081667071085177845e-01 7.918332928914822988e-01
2.095010390168255687e-01 7.904989609831745145e-01
2.097555587903396912e-01 7.902444412096604198e-01
2.098230275891712071e-01 7.901769724108287374e-01
2.096552488592502983e-01 7.903447511407497572e-01
2.081410430571888903e-01 7.918589569428109431e-01
2.151072414853728854e-01 7.848927585146271424e-01
2.100256014803144888e-01 7.899743985196854279e-01
2.095452469709057075e-01 7.904547530290944035e-01
2.110572541118040379e-01 7.889427458881957955e-01
2.096991708707687530e-01 7.903008291292313858e-01
2.082015234606797993e-01 7.917984765393202284e-01
2.097890552192435976e-01 7.902109447807562637e-01
2.097764473899206283e-01 7.902235526100794827e-01
2.109130530040989604e-01 7.890869469959010951e-01
2.099815964048786510e-01 7.900184035951215433e-01
2.111370118620315706e-01 7.888629881379686237e-01
2.094784924299032403e-01 7.905215075700968708e-01
2.106788941807109794e-01 7.893211058192891594e-01
2.114799128754275559e-01 7.885200871245723331e-01
2.088697585892544395e-01 7.911302414107455050e-01
2.116459512266222476e-01 7.883540487733776692e-01
2.106602655937162838e-01 7.893397344062839105e-01
2.106727730832107792e-01 7.893272269167890265e-01
2.088114599667373894e-01 7.911885400332624441e-01
2.088946781674507480e-01 7.911053218325491132e-01
2.101287177293209296e-01 7.898712822706790426e-01
2.084204690405481453e-01 7.915795309594517715e-01
2.096951260654282279e-01 7.903048739345718277e-01
2.104203653885862724e-01 7.895796346114135611e-01
2.091487989784897861e-01 7.908512010215102972e-01
2.107615842361409142e-01 7.892384157638593356e-01
2.089862994745491087e-01 7.910137005254508358e-01
2.101340546220708816e-01 7.898659453779292017e-01
2.113571694671966539e-01 7.886428305328033739e-01
2.102747089859191287e-01 7.897252910140808435e-01
2.079116508430757793e-01 7.920883491569240542e-01
2.094442029619180690e-01 7.905557970380820976e-01
2.087124291639285700e-01 7.912875708360715965e-01
2.096885426937991348e-01 7.903114573062008930e-01
2.102976254851555149e-01 7.897023745148444851e-01
2.133746889763369070e-01 7.866253110236632873e-01
2.092775975619336482e-01 7.907224024380663518e-01
2.085719359098646419e-01 7.914280640901352193e-01
2.094126907848761765e-01 7.905873092151238790e-01
2.095314360300459533e-01 7.904685639699540189e-01
2.108963832373537961e-01 7.891036167626461761e-01
2.105693016636072112e-01 7.894306983363930108e-01
2.101566573923007719e-01 7.898433426076991726e-01
2.090233857033845788e-01 7.909766142966154767e-01
2.109521546291130700e-01 7.890478453708869022e-01
2.086197428254709940e-01 7.913802571745290892e-01
2.108206343981628150e-01 7.891793656018372127e-01
2.094872695131054785e-01 7.905127304868946325e-01
2.109960375255360010e-01 7.890039624744641378e-01
2.087328182169118362e-01 7.912671817830879695e-01
2.113041045549544361e-01 7.886958954450452586e-01
2.091101588796192845e-01 7.908898411203807433e-01
2.120440888230882559e-01 7.879559111769119939e-01
2.096125803709509294e-01 7.903874196290489040e-01
2.106239819351891918e-01 7.893760180648107250e-01
2.095577619118144108e-01 7.904422380881857002e-01
2.099145956420412351e-01 7.900854043579588204e-01
2.080202923715367413e-01 7.919797076284632587e-01
2.104044100265745620e-01 7.895955899734256045e-01
2.095616788271886799e-01 7.904383211728112091e-01
2.106468655459290962e-01 7.893531344540707373e-01
2.093227607060927642e-01 7.906772392939072081e-01
2.098026680498738250e-01 7.901973319501259807e-01
2.086700517611140560e-01 7.913299482388860273e-01
2.107295471256860619e-01 7.892704528743136327e-01
2.102124063161413259e-01 7.897875936838587574e-01
2.092060385287922153e-01 7.907939614712079512e-01
2.104307911622937954e-01 7.895692088377060935e-01
2.087145538109921594e-01 7.912854461890077573e-01
2.099761408277689423e-01 7.900238591722310577e-01
2.111809530870556451e-01 7.888190469129444660e-01
2.112832714484771945e-01 7.887167285515226389e-01
2.099498400426086098e-01 7.900501599573913625e-01
2.107498758384152848e-01 7.892501241615846874e-01
2.082685122949628209e-01 7.917314877050369848e-01
2.117307093804748075e-01 7.882692906195253313e-01
2.099017629143730412e-01 7.900982370856268755e-01
2.113544542893538714e-01 7.886455457106463784e-01
2.104773673238845288e-01 7.895226326761155544e-01
2.088515581288266088e-01 7.911484418711736133e-01
2.096881352533858933e-01 7.903118647466138569e-01
2.104087249460089015e-01 7.895912750539912928e-01
2.095265066918415575e-01 7.904734933081581927e-01
2.110843766827882606e-01 7.889156233172115451e-01
2.107164824995540475e-01 7.892835175004461190e-01
2.093625647187318528e-01 7.906374352812681749e-01
2.110468936590629563e-01 7.889531063409369604e-01
2.102976450035676792e-01 7.897023549964323763e-01
2.096771263199335156e-01 7.903228736800665954e-01
2.098145614889866117e-01 7.901854385110131940e-01
2.093425974359813257e-01 7.906574025640186187e-01
2.095413929789698426e-01 7.904586070210301019e-01
2.099114040671108961e-01 7.900885959328891595e-01
2.103175960986302939e-01 7.896824039013697893e-01
2.093802250201255155e-01 7.906197749798744567e-01
2.089932266526047244e-01 7.910067733473953311e-01
2.093398065451273771e-01 7.906601934548729282e-01
2.089301442477621562e-01 7.910698557522376495e-01
2.095771477220762513e-01 7.904228522779237487e-01
2.085341062741811191e-01 7.914658937258188809e-01
2.102503194896338801e-01 7.897496805103659812e-01
2.094961552333300947e-01 7.905038447666696833e-01
2.099854126503762908e-01 7.900145873496238202e-01
2.096123356228707102e-01 7.903876643771293731e-01
2.099447543766267965e-01 7.900552456233731480e-01
2.091234927621343775e-01 7.908765072378655114e-01
2.100274202382668987e-01 7.899725797617331846e-01
2.098841609163843713e-01 7.901158390836154899e-01
2.093248327062237346e-01 7.906751672937764042e-01
2.099408751521919525e-01 7.900591248478081585e-01
2.116071605738490125e-01 7.883928394261509043e-01
2.093091285026979220e-01 7.906908714973019947e-01
2.115473242955127897e-01 7.884526757044870715e-01
2.098167096147965371e-01 7.901832903852034073e-01
2.092898945995994853e-01 7.907101054004004315e-01
2.095735583420162418e-01 7.904264416579835917e-01
2.089265570540340955e-01 7.910734429459655992e-01
2.095417338879630997e-01 7.904582661120370668e-01
2.095907218365703484e-01 7.904092781634297626e-01
2.097772922239912186e-01 7.902227077760086704e-01
2.113644043822631158e-01 7.886355956177369952e-01
2.092619874150961068e-01 7.907380125849038377e-01
2.095810108777967085e-01 7.904189891222034303e-01
2.098494033162985883e-01 7.901505966837013561e-01
2.095537817887564436e-01 7.904462182112432789e-01
2.099757118892264240e-01 7.900242881107734094e-01
2.099697440502768797e-01 7.900302559497233146e-01
2.108977587110247853e-01 7.891022412889752147e-01
2.099068265437399328e-01 7.900931734562600672e-01
2.096179262965843226e-01 7.903820737034157329e-01
2.118191488215376561e-01 7.881808511784622606e-01
2.098523123824198866e-01 7.901476876175801412e-01
2.101868334360333102e-01 7.898131665639664956e-01
2.101817234960015601e-01 7.898182765039983844e-01
2.077628541642596305e-01 7.922371458357403418e-01
2.095537234191950371e-01 7.904462765808049074e-01
2.096432821339516694e-01 7.903567178660482195e-01
2.091316752764479370e-01 7.908683247235520630e-01
2.105153202334851259e-01 7.894846797665148186e-01
2.091491062330391448e-01 7.908508937669609384e-01
2.106391600325263902e-01 7.893608399674736376e-01
2.094629441493702782e-01 7.905370558506298329e-01
2.096338573285961571e-01 7.903661426714035931e-01
2.095506092433394030e-01 7.904493907566606525e-01
2.097632029720483127e-01 7.902367970279516873e-01
2.095131697555028538e-01 7.904868302444971739e-01
2.099166304843789743e-01 7.900833695156210812e-01
2.086029831238129517e-01 7.913970168761871316e-01
2.112984892583369967e-01 7.887015107416630588e-01
2.100015618944038320e-01 7.899984381055960014e-01
2.103491215410070447e-01 7.896508784589930663e-01
2.100001317289615366e-01 7.899998682710384079e-01
2.105370965263278493e-01 7.894629034736720952e-01
2.100478591437785203e-01 7.899521408562213409e-01
2.101043745374548410e-01 7.898956254625453255e-01
2.096875606938959635e-01 7.903124393061039532e-01
